通信参数：[4800,None,8,1][tProtocol = 0x16]
斯达特AS-50协议命令 03 03 01 FF 00 0F 35 E0,
03 03 1E 00 00 00 00 00 00 00 00 00 00 2B 97 00 00 10 2A 00 00 00 A3 00 00 00 9F 00 00 00 0D 00 00 2F 51 
接收成功：03 03 1E 00 00 00 00 00 00 00 00 00 00 2B 97 00 00 10 2A 00 00 00 A3 00 00 00 9F 00 00 00 0D 00 00 2F 51 
工况流量：0.0
标况流量：0.0
工况总量：16.3
标况总量：15.9
温度：41.38
压力：111.59

17 03 00 00 00 13 06 F1 
17 03 26 00 00 00 37 12 05 A0 43 00 00 00 37 12 05 A0 43 00 01 CB 6B 00 01 CB 89 00 00 14 00 00 00 65 53 00 00 00 00 00 00 0F B0


17 03 00 00 00 10 46 F0
17 03 26 00 00 00 37 12 05 A0 43 00 00 00 37 12 05 A0 43 00 01 CB 6B 00 01 CB 89 00 00 14 00 00 00 65 53 06 85